{
 "cells": [
  {
   "cell_type": "markdown",
   "metadata": {},
   "source": [
    "# MDS"
   ]
  },
  {
   "cell_type": "markdown",
   "metadata": {},
   "source": [
    "- 使用美国各大城市距离数据CITY_DISTANCE"
   ]
  },
  {
   "cell_type": "code",
   "execution_count": 1,
   "metadata": {},
   "outputs": [
    {
     "data": {
      "text/html": [
       "<div>\n",
       "<style>\n",
       "    .dataframe thead tr:only-child th {\n",
       "        text-align: right;\n",
       "    }\n",
       "\n",
       "    .dataframe thead th {\n",
       "        text-align: left;\n",
       "    }\n",
       "\n",
       "    .dataframe tbody tr th {\n",
       "        vertical-align: top;\n",
       "    }\n",
       "</style>\n",
       "<table border=\"1\" class=\"dataframe\">\n",
       "  <thead>\n",
       "    <tr style=\"text-align: right;\">\n",
       "      <th></th>\n",
       "      <th>0</th>\n",
       "      <th>1</th>\n",
       "      <th>2</th>\n",
       "      <th>3</th>\n",
       "      <th>4</th>\n",
       "      <th>5</th>\n",
       "      <th>6</th>\n",
       "      <th>7</th>\n",
       "      <th>8</th>\n",
       "      <th>9</th>\n",
       "      <th>10</th>\n",
       "      <th>11</th>\n",
       "      <th>12</th>\n",
       "      <th>13</th>\n",
       "      <th>14</th>\n",
       "      <th>15</th>\n",
       "      <th>16</th>\n",
       "      <th>17</th>\n",
       "      <th>18</th>\n",
       "      <th>19</th>\n",
       "    </tr>\n",
       "  </thead>\n",
       "  <tbody>\n",
       "    <tr>\n",
       "      <th>0</th>\n",
       "      <td>0.000000</td>\n",
       "      <td>3.605551</td>\n",
       "      <td>11.401754</td>\n",
       "      <td>6.082763</td>\n",
       "      <td>3.000000</td>\n",
       "      <td>13.453624</td>\n",
       "      <td>11.401754</td>\n",
       "      <td>7.071068</td>\n",
       "      <td>8.246211</td>\n",
       "      <td>9.219544</td>\n",
       "      <td>11.180340</td>\n",
       "      <td>11.401754</td>\n",
       "      <td>8.544004</td>\n",
       "      <td>15.000000</td>\n",
       "      <td>6.324555</td>\n",
       "      <td>13.038405</td>\n",
       "      <td>10.440307</td>\n",
       "      <td>15.033296</td>\n",
       "      <td>6.403124</td>\n",
       "      <td>12.083046</td>\n",
       "    </tr>\n",
       "    <tr>\n",
       "      <th>1</th>\n",
       "      <td>3.605551</td>\n",
       "      <td>0.000000</td>\n",
       "      <td>14.866069</td>\n",
       "      <td>9.486833</td>\n",
       "      <td>6.324555</td>\n",
       "      <td>14.422205</td>\n",
       "      <td>14.035669</td>\n",
       "      <td>9.219544</td>\n",
       "      <td>6.082763</td>\n",
       "      <td>12.083046</td>\n",
       "      <td>14.000000</td>\n",
       "      <td>12.206556</td>\n",
       "      <td>11.045361</td>\n",
       "      <td>16.552945</td>\n",
       "      <td>9.433981</td>\n",
       "      <td>16.643317</td>\n",
       "      <td>8.000000</td>\n",
       "      <td>18.027756</td>\n",
       "      <td>7.615773</td>\n",
       "      <td>14.317821</td>\n",
       "    </tr>\n",
       "    <tr>\n",
       "      <th>2</th>\n",
       "      <td>11.401754</td>\n",
       "      <td>14.866069</td>\n",
       "      <td>0.000000</td>\n",
       "      <td>8.062258</td>\n",
       "      <td>9.848858</td>\n",
       "      <td>19.104973</td>\n",
       "      <td>12.649111</td>\n",
       "      <td>8.246211</td>\n",
       "      <td>19.235384</td>\n",
       "      <td>5.000000</td>\n",
       "      <td>11.704700</td>\n",
       "      <td>18.000000</td>\n",
       "      <td>12.041595</td>\n",
       "      <td>18.681542</td>\n",
       "      <td>5.830952</td>\n",
       "      <td>4.472136</td>\n",
       "      <td>21.470911</td>\n",
       "      <td>12.806248</td>\n",
       "      <td>14.317821</td>\n",
       "      <td>14.560220</td>\n",
       "    </tr>\n",
       "    <tr>\n",
       "      <th>3</th>\n",
       "      <td>6.082763</td>\n",
       "      <td>9.486833</td>\n",
       "      <td>8.062258</td>\n",
       "      <td>0.000000</td>\n",
       "      <td>3.162278</td>\n",
       "      <td>11.401754</td>\n",
       "      <td>6.403124</td>\n",
       "      <td>9.219544</td>\n",
       "      <td>12.041595</td>\n",
       "      <td>8.944272</td>\n",
       "      <td>5.830952</td>\n",
       "      <td>10.049876</td>\n",
       "      <td>4.472136</td>\n",
       "      <td>11.661904</td>\n",
       "      <td>6.403124</td>\n",
       "      <td>7.810250</td>\n",
       "      <td>14.212670</td>\n",
       "      <td>9.219544</td>\n",
       "      <td>6.324555</td>\n",
       "      <td>7.810250</td>\n",
       "    </tr>\n",
       "    <tr>\n",
       "      <th>4</th>\n",
       "      <td>3.000000</td>\n",
       "      <td>6.324555</td>\n",
       "      <td>9.848858</td>\n",
       "      <td>3.162278</td>\n",
       "      <td>0.000000</td>\n",
       "      <td>11.661904</td>\n",
       "      <td>8.544004</td>\n",
       "      <td>8.062258</td>\n",
       "      <td>9.433981</td>\n",
       "      <td>9.055385</td>\n",
       "      <td>8.246211</td>\n",
       "      <td>9.848858</td>\n",
       "      <td>5.830952</td>\n",
       "      <td>12.727922</td>\n",
       "      <td>6.082763</td>\n",
       "      <td>10.630146</td>\n",
       "      <td>11.661904</td>\n",
       "      <td>12.041595</td>\n",
       "      <td>5.099020</td>\n",
       "      <td>9.433981</td>\n",
       "    </tr>\n",
       "    <tr>\n",
       "      <th>5</th>\n",
       "      <td>13.453624</td>\n",
       "      <td>14.422205</td>\n",
       "      <td>19.104973</td>\n",
       "      <td>11.401754</td>\n",
       "      <td>11.661904</td>\n",
       "      <td>0.000000</td>\n",
       "      <td>7.280110</td>\n",
       "      <td>19.723083</td>\n",
       "      <td>11.180340</td>\n",
       "      <td>20.248457</td>\n",
       "      <td>8.246211</td>\n",
       "      <td>2.236068</td>\n",
       "      <td>7.071068</td>\n",
       "      <td>3.162278</td>\n",
       "      <td>17.464249</td>\n",
       "      <td>17.117243</td>\n",
       "      <td>12.000000</td>\n",
       "      <td>10.816654</td>\n",
       "      <td>7.071068</td>\n",
       "      <td>5.385165</td>\n",
       "    </tr>\n",
       "    <tr>\n",
       "      <th>6</th>\n",
       "      <td>11.401754</td>\n",
       "      <td>14.035669</td>\n",
       "      <td>12.649111</td>\n",
       "      <td>6.403124</td>\n",
       "      <td>8.544004</td>\n",
       "      <td>7.280110</td>\n",
       "      <td>0.000000</td>\n",
       "      <td>15.620499</td>\n",
       "      <td>13.928388</td>\n",
       "      <td>15.000000</td>\n",
       "      <td>1.000000</td>\n",
       "      <td>7.211103</td>\n",
       "      <td>3.000000</td>\n",
       "      <td>6.082763</td>\n",
       "      <td>12.727922</td>\n",
       "      <td>10.000000</td>\n",
       "      <td>15.652476</td>\n",
       "      <td>4.472136</td>\n",
       "      <td>7.280110</td>\n",
       "      <td>2.000000</td>\n",
       "    </tr>\n",
       "    <tr>\n",
       "      <th>7</th>\n",
       "      <td>7.071068</td>\n",
       "      <td>9.219544</td>\n",
       "      <td>8.246211</td>\n",
       "      <td>9.219544</td>\n",
       "      <td>8.062258</td>\n",
       "      <td>19.723083</td>\n",
       "      <td>15.620499</td>\n",
       "      <td>0.000000</td>\n",
       "      <td>15.033296</td>\n",
       "      <td>3.605551</td>\n",
       "      <td>15.000000</td>\n",
       "      <td>17.888544</td>\n",
       "      <td>13.453624</td>\n",
       "      <td>20.615528</td>\n",
       "      <td>3.162278</td>\n",
       "      <td>12.000000</td>\n",
       "      <td>17.117243</td>\n",
       "      <td>17.888544</td>\n",
       "      <td>13.000000</td>\n",
       "      <td>16.970563</td>\n",
       "    </tr>\n",
       "    <tr>\n",
       "      <th>8</th>\n",
       "      <td>8.246211</td>\n",
       "      <td>6.082763</td>\n",
       "      <td>19.235384</td>\n",
       "      <td>12.041595</td>\n",
       "      <td>9.433981</td>\n",
       "      <td>11.180340</td>\n",
       "      <td>13.928388</td>\n",
       "      <td>15.033296</td>\n",
       "      <td>0.000000</td>\n",
       "      <td>17.464249</td>\n",
       "      <td>14.317821</td>\n",
       "      <td>9.055385</td>\n",
       "      <td>11.180340</td>\n",
       "      <td>14.035669</td>\n",
       "      <td>14.560220</td>\n",
       "      <td>19.849433</td>\n",
       "      <td>2.236068</td>\n",
       "      <td>18.384776</td>\n",
       "      <td>6.708204</td>\n",
       "      <td>13.341664</td>\n",
       "    </tr>\n",
       "    <tr>\n",
       "      <th>9</th>\n",
       "      <td>9.219544</td>\n",
       "      <td>12.083046</td>\n",
       "      <td>5.000000</td>\n",
       "      <td>8.944272</td>\n",
       "      <td>9.055385</td>\n",
       "      <td>20.248457</td>\n",
       "      <td>15.000000</td>\n",
       "      <td>3.605551</td>\n",
       "      <td>17.464249</td>\n",
       "      <td>0.000000</td>\n",
       "      <td>14.212670</td>\n",
       "      <td>18.681542</td>\n",
       "      <td>13.416408</td>\n",
       "      <td>20.591260</td>\n",
       "      <td>3.000000</td>\n",
       "      <td>9.219544</td>\n",
       "      <td>19.646883</td>\n",
       "      <td>16.401219</td>\n",
       "      <td>14.142136</td>\n",
       "      <td>16.643317</td>\n",
       "    </tr>\n",
       "    <tr>\n",
       "      <th>10</th>\n",
       "      <td>11.180340</td>\n",
       "      <td>14.000000</td>\n",
       "      <td>11.704700</td>\n",
       "      <td>5.830952</td>\n",
       "      <td>8.246211</td>\n",
       "      <td>8.246211</td>\n",
       "      <td>1.000000</td>\n",
       "      <td>15.000000</td>\n",
       "      <td>14.317821</td>\n",
       "      <td>14.212670</td>\n",
       "      <td>0.000000</td>\n",
       "      <td>8.062258</td>\n",
       "      <td>3.162278</td>\n",
       "      <td>7.071068</td>\n",
       "      <td>12.041595</td>\n",
       "      <td>9.000000</td>\n",
       "      <td>16.124515</td>\n",
       "      <td>4.123106</td>\n",
       "      <td>7.615773</td>\n",
       "      <td>3.000000</td>\n",
       "    </tr>\n",
       "    <tr>\n",
       "      <th>11</th>\n",
       "      <td>11.401754</td>\n",
       "      <td>12.206556</td>\n",
       "      <td>18.000000</td>\n",
       "      <td>10.049876</td>\n",
       "      <td>9.848858</td>\n",
       "      <td>2.236068</td>\n",
       "      <td>7.211103</td>\n",
       "      <td>17.888544</td>\n",
       "      <td>9.055385</td>\n",
       "      <td>18.681542</td>\n",
       "      <td>8.062258</td>\n",
       "      <td>0.000000</td>\n",
       "      <td>6.082763</td>\n",
       "      <td>5.000000</td>\n",
       "      <td>15.811388</td>\n",
       "      <td>16.492423</td>\n",
       "      <td>10.049876</td>\n",
       "      <td>11.313708</td>\n",
       "      <td>5.000000</td>\n",
       "      <td>5.656854</td>\n",
       "    </tr>\n",
       "    <tr>\n",
       "      <th>12</th>\n",
       "      <td>8.544004</td>\n",
       "      <td>11.045361</td>\n",
       "      <td>12.041595</td>\n",
       "      <td>4.472136</td>\n",
       "      <td>5.830952</td>\n",
       "      <td>7.071068</td>\n",
       "      <td>3.000000</td>\n",
       "      <td>13.453624</td>\n",
       "      <td>11.180340</td>\n",
       "      <td>13.416408</td>\n",
       "      <td>3.162278</td>\n",
       "      <td>6.082763</td>\n",
       "      <td>0.000000</td>\n",
       "      <td>7.211103</td>\n",
       "      <td>10.816654</td>\n",
       "      <td>10.440307</td>\n",
       "      <td>13.038405</td>\n",
       "      <td>7.280110</td>\n",
       "      <td>4.472136</td>\n",
       "      <td>3.605551</td>\n",
       "    </tr>\n",
       "    <tr>\n",
       "      <th>13</th>\n",
       "      <td>15.000000</td>\n",
       "      <td>16.552945</td>\n",
       "      <td>18.681542</td>\n",
       "      <td>11.661904</td>\n",
       "      <td>12.727922</td>\n",
       "      <td>3.162278</td>\n",
       "      <td>6.082763</td>\n",
       "      <td>20.615528</td>\n",
       "      <td>14.035669</td>\n",
       "      <td>20.591260</td>\n",
       "      <td>7.071068</td>\n",
       "      <td>5.000000</td>\n",
       "      <td>7.211103</td>\n",
       "      <td>0.000000</td>\n",
       "      <td>18.027756</td>\n",
       "      <td>16.031220</td>\n",
       "      <td>15.033296</td>\n",
       "      <td>8.544004</td>\n",
       "      <td>8.944272</td>\n",
       "      <td>4.123106</td>\n",
       "    </tr>\n",
       "    <tr>\n",
       "      <th>14</th>\n",
       "      <td>6.324555</td>\n",
       "      <td>9.433981</td>\n",
       "      <td>5.830952</td>\n",
       "      <td>6.403124</td>\n",
       "      <td>6.082763</td>\n",
       "      <td>17.464249</td>\n",
       "      <td>12.727922</td>\n",
       "      <td>3.162278</td>\n",
       "      <td>14.560220</td>\n",
       "      <td>3.000000</td>\n",
       "      <td>12.041595</td>\n",
       "      <td>15.811388</td>\n",
       "      <td>10.816654</td>\n",
       "      <td>18.027756</td>\n",
       "      <td>0.000000</td>\n",
       "      <td>9.055385</td>\n",
       "      <td>16.763055</td>\n",
       "      <td>14.764823</td>\n",
       "      <td>11.180340</td>\n",
       "      <td>14.212670</td>\n",
       "    </tr>\n",
       "    <tr>\n",
       "      <th>15</th>\n",
       "      <td>13.038405</td>\n",
       "      <td>16.643317</td>\n",
       "      <td>4.472136</td>\n",
       "      <td>7.810250</td>\n",
       "      <td>10.630146</td>\n",
       "      <td>17.117243</td>\n",
       "      <td>10.000000</td>\n",
       "      <td>12.000000</td>\n",
       "      <td>19.849433</td>\n",
       "      <td>9.219544</td>\n",
       "      <td>9.000000</td>\n",
       "      <td>16.492423</td>\n",
       "      <td>10.440307</td>\n",
       "      <td>16.031220</td>\n",
       "      <td>9.055385</td>\n",
       "      <td>0.000000</td>\n",
       "      <td>22.022716</td>\n",
       "      <td>8.944272</td>\n",
       "      <td>13.892444</td>\n",
       "      <td>12.000000</td>\n",
       "    </tr>\n",
       "    <tr>\n",
       "      <th>16</th>\n",
       "      <td>10.440307</td>\n",
       "      <td>8.000000</td>\n",
       "      <td>21.470911</td>\n",
       "      <td>14.212670</td>\n",
       "      <td>11.661904</td>\n",
       "      <td>12.000000</td>\n",
       "      <td>15.652476</td>\n",
       "      <td>17.117243</td>\n",
       "      <td>2.236068</td>\n",
       "      <td>19.646883</td>\n",
       "      <td>16.124515</td>\n",
       "      <td>10.049876</td>\n",
       "      <td>13.038405</td>\n",
       "      <td>15.033296</td>\n",
       "      <td>16.763055</td>\n",
       "      <td>22.022716</td>\n",
       "      <td>0.000000</td>\n",
       "      <td>20.124612</td>\n",
       "      <td>8.602325</td>\n",
       "      <td>14.866069</td>\n",
       "    </tr>\n",
       "    <tr>\n",
       "      <th>17</th>\n",
       "      <td>15.033296</td>\n",
       "      <td>18.027756</td>\n",
       "      <td>12.806248</td>\n",
       "      <td>9.219544</td>\n",
       "      <td>12.041595</td>\n",
       "      <td>10.816654</td>\n",
       "      <td>4.472136</td>\n",
       "      <td>17.888544</td>\n",
       "      <td>18.384776</td>\n",
       "      <td>16.401219</td>\n",
       "      <td>4.123106</td>\n",
       "      <td>11.313708</td>\n",
       "      <td>7.280110</td>\n",
       "      <td>8.544004</td>\n",
       "      <td>14.764823</td>\n",
       "      <td>8.944272</td>\n",
       "      <td>20.124612</td>\n",
       "      <td>0.000000</td>\n",
       "      <td>11.704700</td>\n",
       "      <td>5.656854</td>\n",
       "    </tr>\n",
       "    <tr>\n",
       "      <th>18</th>\n",
       "      <td>6.403124</td>\n",
       "      <td>7.615773</td>\n",
       "      <td>14.317821</td>\n",
       "      <td>6.324555</td>\n",
       "      <td>5.099020</td>\n",
       "      <td>7.071068</td>\n",
       "      <td>7.280110</td>\n",
       "      <td>13.000000</td>\n",
       "      <td>6.708204</td>\n",
       "      <td>14.142136</td>\n",
       "      <td>7.615773</td>\n",
       "      <td>5.000000</td>\n",
       "      <td>4.472136</td>\n",
       "      <td>8.944272</td>\n",
       "      <td>11.180340</td>\n",
       "      <td>13.892444</td>\n",
       "      <td>8.602325</td>\n",
       "      <td>11.704700</td>\n",
       "      <td>0.000000</td>\n",
       "      <td>7.000000</td>\n",
       "    </tr>\n",
       "    <tr>\n",
       "      <th>19</th>\n",
       "      <td>12.083046</td>\n",
       "      <td>14.317821</td>\n",
       "      <td>14.560220</td>\n",
       "      <td>7.810250</td>\n",
       "      <td>9.433981</td>\n",
       "      <td>5.385165</td>\n",
       "      <td>2.000000</td>\n",
       "      <td>16.970563</td>\n",
       "      <td>13.341664</td>\n",
       "      <td>16.643317</td>\n",
       "      <td>3.000000</td>\n",
       "      <td>5.656854</td>\n",
       "      <td>3.605551</td>\n",
       "      <td>4.123106</td>\n",
       "      <td>14.212670</td>\n",
       "      <td>12.000000</td>\n",
       "      <td>14.866069</td>\n",
       "      <td>5.656854</td>\n",
       "      <td>7.000000</td>\n",
       "      <td>0.000000</td>\n",
       "    </tr>\n",
       "  </tbody>\n",
       "</table>\n",
       "</div>"
      ],
      "text/plain": [
       "           0          1          2          3          4          5   \\\n",
       "0    0.000000   3.605551  11.401754   6.082763   3.000000  13.453624   \n",
       "1    3.605551   0.000000  14.866069   9.486833   6.324555  14.422205   \n",
       "2   11.401754  14.866069   0.000000   8.062258   9.848858  19.104973   \n",
       "3    6.082763   9.486833   8.062258   0.000000   3.162278  11.401754   \n",
       "4    3.000000   6.324555   9.848858   3.162278   0.000000  11.661904   \n",
       "5   13.453624  14.422205  19.104973  11.401754  11.661904   0.000000   \n",
       "6   11.401754  14.035669  12.649111   6.403124   8.544004   7.280110   \n",
       "7    7.071068   9.219544   8.246211   9.219544   8.062258  19.723083   \n",
       "8    8.246211   6.082763  19.235384  12.041595   9.433981  11.180340   \n",
       "9    9.219544  12.083046   5.000000   8.944272   9.055385  20.248457   \n",
       "10  11.180340  14.000000  11.704700   5.830952   8.246211   8.246211   \n",
       "11  11.401754  12.206556  18.000000  10.049876   9.848858   2.236068   \n",
       "12   8.544004  11.045361  12.041595   4.472136   5.830952   7.071068   \n",
       "13  15.000000  16.552945  18.681542  11.661904  12.727922   3.162278   \n",
       "14   6.324555   9.433981   5.830952   6.403124   6.082763  17.464249   \n",
       "15  13.038405  16.643317   4.472136   7.810250  10.630146  17.117243   \n",
       "16  10.440307   8.000000  21.470911  14.212670  11.661904  12.000000   \n",
       "17  15.033296  18.027756  12.806248   9.219544  12.041595  10.816654   \n",
       "18   6.403124   7.615773  14.317821   6.324555   5.099020   7.071068   \n",
       "19  12.083046  14.317821  14.560220   7.810250   9.433981   5.385165   \n",
       "\n",
       "           6          7          8          9          10         11  \\\n",
       "0   11.401754   7.071068   8.246211   9.219544  11.180340  11.401754   \n",
       "1   14.035669   9.219544   6.082763  12.083046  14.000000  12.206556   \n",
       "2   12.649111   8.246211  19.235384   5.000000  11.704700  18.000000   \n",
       "3    6.403124   9.219544  12.041595   8.944272   5.830952  10.049876   \n",
       "4    8.544004   8.062258   9.433981   9.055385   8.246211   9.848858   \n",
       "5    7.280110  19.723083  11.180340  20.248457   8.246211   2.236068   \n",
       "6    0.000000  15.620499  13.928388  15.000000   1.000000   7.211103   \n",
       "7   15.620499   0.000000  15.033296   3.605551  15.000000  17.888544   \n",
       "8   13.928388  15.033296   0.000000  17.464249  14.317821   9.055385   \n",
       "9   15.000000   3.605551  17.464249   0.000000  14.212670  18.681542   \n",
       "10   1.000000  15.000000  14.317821  14.212670   0.000000   8.062258   \n",
       "11   7.211103  17.888544   9.055385  18.681542   8.062258   0.000000   \n",
       "12   3.000000  13.453624  11.180340  13.416408   3.162278   6.082763   \n",
       "13   6.082763  20.615528  14.035669  20.591260   7.071068   5.000000   \n",
       "14  12.727922   3.162278  14.560220   3.000000  12.041595  15.811388   \n",
       "15  10.000000  12.000000  19.849433   9.219544   9.000000  16.492423   \n",
       "16  15.652476  17.117243   2.236068  19.646883  16.124515  10.049876   \n",
       "17   4.472136  17.888544  18.384776  16.401219   4.123106  11.313708   \n",
       "18   7.280110  13.000000   6.708204  14.142136   7.615773   5.000000   \n",
       "19   2.000000  16.970563  13.341664  16.643317   3.000000   5.656854   \n",
       "\n",
       "           12         13         14         15         16         17  \\\n",
       "0    8.544004  15.000000   6.324555  13.038405  10.440307  15.033296   \n",
       "1   11.045361  16.552945   9.433981  16.643317   8.000000  18.027756   \n",
       "2   12.041595  18.681542   5.830952   4.472136  21.470911  12.806248   \n",
       "3    4.472136  11.661904   6.403124   7.810250  14.212670   9.219544   \n",
       "4    5.830952  12.727922   6.082763  10.630146  11.661904  12.041595   \n",
       "5    7.071068   3.162278  17.464249  17.117243  12.000000  10.816654   \n",
       "6    3.000000   6.082763  12.727922  10.000000  15.652476   4.472136   \n",
       "7   13.453624  20.615528   3.162278  12.000000  17.117243  17.888544   \n",
       "8   11.180340  14.035669  14.560220  19.849433   2.236068  18.384776   \n",
       "9   13.416408  20.591260   3.000000   9.219544  19.646883  16.401219   \n",
       "10   3.162278   7.071068  12.041595   9.000000  16.124515   4.123106   \n",
       "11   6.082763   5.000000  15.811388  16.492423  10.049876  11.313708   \n",
       "12   0.000000   7.211103  10.816654  10.440307  13.038405   7.280110   \n",
       "13   7.211103   0.000000  18.027756  16.031220  15.033296   8.544004   \n",
       "14  10.816654  18.027756   0.000000   9.055385  16.763055  14.764823   \n",
       "15  10.440307  16.031220   9.055385   0.000000  22.022716   8.944272   \n",
       "16  13.038405  15.033296  16.763055  22.022716   0.000000  20.124612   \n",
       "17   7.280110   8.544004  14.764823   8.944272  20.124612   0.000000   \n",
       "18   4.472136   8.944272  11.180340  13.892444   8.602325  11.704700   \n",
       "19   3.605551   4.123106  14.212670  12.000000  14.866069   5.656854   \n",
       "\n",
       "           18         19  \n",
       "0    6.403124  12.083046  \n",
       "1    7.615773  14.317821  \n",
       "2   14.317821  14.560220  \n",
       "3    6.324555   7.810250  \n",
       "4    5.099020   9.433981  \n",
       "5    7.071068   5.385165  \n",
       "6    7.280110   2.000000  \n",
       "7   13.000000  16.970563  \n",
       "8    6.708204  13.341664  \n",
       "9   14.142136  16.643317  \n",
       "10   7.615773   3.000000  \n",
       "11   5.000000   5.656854  \n",
       "12   4.472136   3.605551  \n",
       "13   8.944272   4.123106  \n",
       "14  11.180340  14.212670  \n",
       "15  13.892444  12.000000  \n",
       "16   8.602325  14.866069  \n",
       "17  11.704700   5.656854  \n",
       "18   0.000000   7.000000  \n",
       "19   7.000000   0.000000  "
      ]
     },
     "execution_count": 1,
     "metadata": {},
     "output_type": "execute_result"
    }
   ],
   "source": [
    "import numpy as np\n",
    "import pandas as pd\n",
    "from matplotlib import pyplot as plt\n",
    "from matplotlib.collections import LineCollection\n",
    "\n",
    "from sklearn import manifold\n",
    "from sklearn.metrics import euclidean_distances\n",
    "from sklearn.decomposition import PCA\n",
    "\n",
    "n_samples = 20\n",
    "seed = np.random.RandomState(seed=3)\n",
    "X_true = seed.randint(0, 20, 2 * n_samples).astype(np.float)\n",
    "X_true = X_true.reshape((n_samples, 2))\n",
    "# Center the data\n",
    "X_true -= X_true.mean()\n",
    "\n",
    "similarities = euclidean_distances(X_true)\n",
    "pd.DataFrame(similarities)"
   ]
  },
  {
   "cell_type": "code",
   "execution_count": 2,
   "metadata": {
    "collapsed": true
   },
   "outputs": [],
   "source": [
    "mds = manifold.MDS(n_components=2, max_iter=3000, eps=1e-9, random_state=seed,\n",
    "                   dissimilarity=\"precomputed\", n_jobs=1)\n",
    "pos = mds.fit(similarities).embedding_\n",
    "\n",
    "nmds = manifold.MDS(n_components=2, metric=False, max_iter=3000, eps=1e-12,\n",
    "                    dissimilarity=\"precomputed\", random_state=seed, n_jobs=1,\n",
    "                    n_init=1)\n",
    "npos = nmds.fit_transform(similarities, init=pos)"
   ]
  },
  {
   "cell_type": "code",
   "execution_count": 3,
   "metadata": {
    "collapsed": true
   },
   "outputs": [],
   "source": [
    "# Rescale the data\n",
    "pos *= np.sqrt((X_true ** 2).sum()) / np.sqrt((pos ** 2).sum())\n",
    "npos *= np.sqrt((X_true ** 2).sum()) / np.sqrt((npos ** 2).sum())"
   ]
  },
  {
   "cell_type": "code",
   "execution_count": 4,
   "metadata": {},
   "outputs": [],
   "source": [
    "# Rotate the data\n",
    "pca = PCA(n_components=2)\n",
    "X_true = pca.fit_transform(X_true)\n",
    "\n",
    "pos = pca.fit_transform(pos)\n",
    "\n",
    "npos = pca.fit_transform(npos)\n",
    "\n"
   ]
  },
  {
   "cell_type": "code",
   "execution_count": 5,
   "metadata": {},
   "outputs": [
    {
     "data": {
      "image/png": "iVBORw0KGgoAAAANSUhEUgAAAecAAAFCCAYAAADL3BUJAAAABHNCSVQICAgIfAhkiAAAAAlwSFlz\nAAALEgAACxIB0t1+/AAAH4xJREFUeJzt3X9s3Hed5/HX+1o30U5s01JDh7aiZbeqzpyuBEYFrt6q\nhVJKxJEFzS7hdLvdNXfZLj+USpwEc4kQglgDuwd7LCxUgVYHCBVuZylUkIaWoyuvpQM6ybUQDGzT\nblFDfK1LYeyYS3DY9/0xX4fp5DvjSTzf7/fznXk+JMszn+/H4/f4O57XfH98Pl9zdwEAgHD8q6wL\nAAAAz0U4AwAQGMIZAIDAEM4AAASGcAYAIDCEMwAAgSGcAQAIDOEMAEBgCGcAAAJzftYFnIuLL77Y\nr7jiiqzLAADgrBw8ePAZd59Yr18uw/mKK65QvV7PugwAAM6Kmf20l37s1gYAIDCEMwAAgSGcAQAI\nDOEMAEBgCGcAAAJDOAMAEJhcDqXCxjUaJ1SrzWth4biKxS0qlyc1Pr4567IAACKch9LMzKyq1Tmt\nrKyebtu164AqlSnt3n19hpUBACTCeejMzMxqz54Hz2hfWVk93U5AA0C2OOY8RBqNE6pW57r2qVbn\ntLR0MqWKAABxCOchUqvNP2dXdpyVlVXVavMpVQQAiEM4D5GFheM99ltOuBIAQDeE8xApFrf02G80\n4UoAAN0QzkOkXJ5UoTDStU+hMKJyeTKligAAcQjnITI+vlmVylTXPpXKlMbGNqVUEQAgTl/C2czu\nMrOnzexwS9tFZvaAmT0afb+ww8/eGvV51Mxu7Uc96Gz37uu1d++NZ2xBFwoj2rv3RoZRAUAAzN03\n/iBm10s6Lunz7v5vora/lPSsu3/YzN4n6UJ3f2/bz10kqS6pJMklHZT0Cnf/RbffVyqVvF6vb7ju\nYba0dDKaIWxZxeKoyuVJtpgBIGFmdtDdS+v168skJO4+a2ZXtDVvl3RDdPtzkv5B0nvb+rxe0gPu\n/qwkmdkDkm6RdHc/6kJnY2ObND29NesyAAAxkjzm/EJ3X5Ck6PsLYvpcKunJlvtHo7YzmNlOM6ub\nWX1xcbHvxQIAEIqsTwizmLbY/ezuvs/dS+5empiYSLgsAACyk2Q4P2VmRUmKvj8d0+eopMtb7l8m\n6ViCNQEAELwkw/leSWtnX98q6Wsxfb4p6WYzuzA6m/vmqA0AgKHVr6FUd0v635KuNrOjZvZ2SR+W\n9Doze1TS66L7MrOSmX1WkqITwT4k6aHo64NrJ4cBADCs+jKUKm0MpQIA5FGvQ6myPiEMAAC0IZwB\nAAhMXyYhAc5Wo3EimqHsuIrFLSqXJzU+vjnrsgAgCIQzUjczM6tqdU4rK6un23btOqBKZYq5vQFA\nhDNSNjMzqz17HjyjfWVl9XQ7AQ1g2HHMGalpNE6oWp3r2qdandPS0smUKgKAMBHOSE2tNv+cXdlx\nVlZWVavNp1QRAISJcEZqFhaO99hvOeFKACBshDNSUyxu6bHfaMKVAEDYCGekplyeVKEw0rVPoTCi\ncnkypYoAIEyEM1IzPr5ZlcpU1z6VypTGxjalVBEAhImhVEjV2jCp9nHOhcII45wHAJPLAP3BhS+Q\niaWlk9Gb+LKKxVGVy5NsMedc3OQyfOgCnqvXC1+w5YxMjI1t0vT01qzLQJ8wuQzQXxxzBrAhTC4D\n9B/hDGBDmFwG6D/CGcCGMLkM0H+EM4ANYXIZoP8IZwAbwuQyQP8RzgA2hMllgP5jKBWADWNyGaC/\nmIQEQN8wuQzQHZOQAEgdk8sA/cExZwAAApNoOJvZ1Wb2cMvXkpnd3tbnBjNrtPR5f5I1AQAQukR3\na7v7TyS9TJLM7DxJP5N0T0zXf3T3NyZZCwAAeZHmbu3XSnrM3X+a4u8EACB30gznHZLu7rDs1Wb2\niJndZ2YvjetgZjvNrG5m9cXFxeSqBAAgY6mEs5ldIOlNkv4uZvEhSS9292skfULSV+Mew933uXvJ\n3UsTExPJFQsAQMbS2nJ+g6RD7v5U+wJ3X3L349Ht/ZJGzOzilOoCACA4aYXz29Rhl7aZXWJmFt2+\nNqrp5ynVBQBAcBKfhMTMfkfS6yT9eUvbbZLk7ndIKkv6CzM7Jen/SdrheZy2DACAPkk8nN39V5Ke\n39Z2R8vtT0r6ZNJ1AACQF8wQBgBAYAhnAAACQzgDABAYwhkAgMAQzgAABIZwBgAgMIQzAACBIZwB\nAAgM4QwAQGAIZwAAAkM4AwAQGMIZAIDAEM4AAASGcAYAIDCEMwAAgSGcAQAIDOEMAEBgCGcAAAJD\nOAMAEBjCGQCAwBDOAAAEhnAGACAwhDMAAIE5P+sCAKCbRuOEarV5LSwcV7G4ReXypMbHN2ddFpCo\nxMPZzJ6QtCzpN5JOuXupbblJ+rikbZJ+JelP3f1Q0nUBCN/MzKyq1TmtrKyebtu164AqlSnt3n19\nhpUByUpry/lGd3+mw7I3SLoq+nqlpE9H3wEMsZmZWe3Z8+AZ7Ssrq6fbCWgMqhCOOW+X9Hlv+o6k\n55lZMeuiAGSn0TihanWua59qdU5LSydTqghIVxrh7JLuN7ODZrYzZvmlkp5suX80ansOM9tpZnUz\nqy8uLiZUKoAQ1Grzz9mVHWdlZVW12nxKFQHpSiOcr3P3l6u5+/qdZta+H8pifsbPaHDf5+4ldy9N\nTEwkUSeAQCwsHO+x33LClQDZSDyc3f1Y9P1pSfdIuraty1FJl7fcv0zSsaTrAhCuYnFLj/1GE64E\nyEai4WxmBTMbXbst6WZJh9u63SvpT6zpVZIa7r6QZF0AwlYuT6pQGOnap1AYUbk8mVJFQLqS3nJ+\noaQ5M3tE0vckfcPdD5jZbWZ2W9Rnv6THJR2R9BlJ70i4JgCBGx/frEplqmufSmVKY2ObUqoISFei\nQ6nc/XFJ18S039Fy2yW9M8k6AOTP2jCp9nHOhcII45wx8KyZjflSKpW8Xq9nXQaAFCwtnYxmCFtW\nsTiqcnmSLWbklpkdbJ+MKw7TdwII2tjYJk1Pb826DCBVIUxCAgAAWrDlDADIrUG9MArhDADIpUG+\nMArhDADInUG/MArHnAEAuTIMF0YhnAEAuTIMF0YhnAEAuTIMF0YhnAEAuTIMF0YhnAEAuTIMF0Yh\nnAEAuTIMF0ZhKBUAIHcG/cIoXPgCAJBbebswChe+AAAMvEG9MArHnAEACAzhDABAYAhnAAACQzgD\nABAYwhkAgMAQzgAABIZwBgAgMIQzAACBYRISDKxG40Q0c9BxFYtbVC5Panx8c9ZlAcC6EgtnM7tc\n0uclXSLpXyTtc/ePt/W5QdLXJP1z1PQVd/9gUjVheMzMzJ4x5+6uXQcGYs5dAIMvyS3nU5Le4+6H\nzGxU0kEze8Dd59v6/aO7vzHBOjBkZmZmtWfPg2e0r6ysnm4noAGELLFjzu6+4O6HotvLkn4k6dKk\nfh8gNXdlV6tzXftUq3NaWjqZUkUAcPZSOSHMzK6QtFXSd2MWv9rMHjGz+8zspV0eY6eZ1c2svri4\nmFClyLtabf45u7LjrKysqlZr34EDAOFIPJzNbIukv5d0u7svtS0+JOnF7n6NpE9I+mqnx3H3fe5e\ncvfSxMREcgUj1xYWjvfYbznhSgDg3CV6traZjagZzF9096+0L28Na3ffb2afMrOL3f2ZJOvC4CoW\nt/TYbzThSrCGs+aBs2funswDm5mkz0l61t1v79DnEklPubub2bWSampuSXctqlQqeb1e73vNyL9G\n44QuvfRjXXdtFwojOnbsPUFfkH1QxJ01XyiMcNY8hpaZHXT30nr9ktytfZ2kP5b0GjN7OPraZma3\nmdltUZ+ypMNm9oikv5G0Y71gBroZH9+sSmWqa59KZYpgTsHaWfPtH5TWzpqfmZnNqDIgfIltOSeJ\nLWeshy22bLEHA4jX65YzM4RhIO3efb3e/e5XRsc6l1UsjqpcniQIUnI2Z81PT29NqSogPwhnDKyx\nsU288WeEs+aBjeHCFwD6jrPmgY0hnAH0Xbk8qUJhpGufQmFE5fJkShUB+UI4A+g7zpoHNoZjzgAS\nsXZWPGfNDyYml0kWQ6kAJGpp6SRnzQ8YhiqeO4ZSAQgCZ80PFi7Jmg6OOQMAesIlWdNDOAMAesIl\nWdNDOAMAesLkMukhnAEAPWFymfQQzgCAnjC5THoIZwBAT5hcJj0MpUoZA/cB5BmTy6SDSUhSxMB9\nAINi0CeXSWpDqtdJSAjnlHQauL9m794bCWgACECSG1K9hjPHnFPAwH0AyIe1Dan28dxrM6DNzMym\nUgfhnAIG7gNA+ELakCKcU8DAfQAIX0gbUoRzChi4DwDhC2lDinBOAQP3ASB8IW1IEc4pYOA+AIQv\npA0pwjklu3dfr717bzxjxRcKIwyjAoAAhLQhlfg4ZzO7RdLHJZ0n6bPu/uG25ZskfV7SKyT9XNJb\n3f2Jbo+Zx3HOawZ94D4A5F0I45wTDWczO0/SP0l6naSjkh6S9DZ3n2/p8w5J/9bdbzOzHZLe7O5v\n7fa4eQ5nAED4ktqQ6jWck55b+1pJR9z98aioL0naLqn1PPTtkj4Q3a5J+qSZmedx6jIAwEAYG9uk\n6emtmf3+pI85XyrpyZb7R6O22D7ufkpSQ9Lz2x/IzHaaWd3M6ouLiwmVCwBA9pIOZ4tpa98i7qWP\n3H2fu5fcvTQxMdGX4gAACFHS4XxU0uUt9y+TdKxTHzM7X9K4pGcTrgsAgGAlHc4PSbrKzK40swsk\n7ZB0b1ufeyXdGt0uS/o2x5sBAMMs0RPC3P2Umb1L0jfVHEp1l7v/0Mw+KKnu7vdKulPSF8zsiJpb\nzDuSrAkAgNAlfba23H2/pP1tbe9vuX1C0h8mXQcAAHnBDGEAAASGcAYAIDCEMwAAgUn8mHPIGo0T\n0fRsx1UsblG5PKnx8c1ZlwUAGHJDG85xE5vv2nWgLxObA4jHB2KgN0MZzjMzs9qz58Ez2ldWVk+3\nE9BAf/GBGOjd0B1zbjROqFqd69qnWp3T0tLJlCoCBt/aB+LWYJZ++4F4ZmY2o8qAMA1dONdq82e8\nQbRbWVlVrTbftQ+A3vCBGDh7QxfOCwvHe+y3nHAlwHDgAzFw9oYunIvFLT32G024EmA48IEYOHtD\nF87l8qQKhZGufQqFEZXLkylVBAw2PhADZ2/ownl8fLMqlamufSqVKY2NbUqpImCw8YEYOHtDF85S\nc5jU3r03nvGGUSiMaO/eGxnWAfQRH4iBs2d5vHRyqVTyer2+4cdZWjoZTYiwrGJxVOXyJG8QQELi\nxjkXCiOMc8ZQMbOD7l5at98whzOAdPGBGMOu13AeyhnCgF4w1WT/jY1t0vT01qzLAIJHOAMxmGoS\nQJYIZ6ANc68DyNpQnq0NdMJUkwBCQDgDLZhqEkAICGegBVNNAggB4Qy0YKpJACEgnIEWTDUJIASE\nM9CCqSYBhCCRoVRm9leS/r2kX0t6TNKfufsvY/o9IWlZ0m8knepl1hQgaWvDpJhqEkBWEpm+08xu\nlvRtdz9lZh+RJHd/b0y/JySV3P2Zs3l8pu9EGphqEkC/ZTp9p7vf33L3O5LKSfweIElMNQkgK2kc\nc56WdF+HZS7pfjM7aGY7uz2Ime00s7qZ1RcXF/teJAAAoTjnLWcz+5akS2IW7Xb3r0V9dks6JemL\nHR7mOnc/ZmYvkPSAmf3Y3WfjOrr7Pkn7pOZu7XOtGwCA0J1zOLv7Td2Wm9mtkt4o6bXe4cC2ux+L\nvj9tZvdIulZSbDgDADAsEtmtbWa3SHqvpDe5+6869CmY2ejabUk3SzqcRD0AAORJUsecPylpVM1d\n1Q+b2R2SZGYvMrP9UZ8XSpozs0ckfU/SN9z9QEL1AACQG0mdrf17HdqPSdoW3X5c0jVJ/H4AAPKM\nGcIAAAgM4QwAQGAIZwAAAkM4AwAQGMIZAIDAEM4AAASGcAYAIDCEMwAAgSGcAQAIDOEMAEBgCGcA\nAAKTyNzaedNonFCtNq+FheMqFreoXJ7U+PjmrMsCAAypoQ/nmZlZVatzWllZPd22a9cBVSpT2r37\n+gwrAwAMq6EO55mZWe3Z8+AZ7Ssrq6fbCej1secBQBqG6b3G3D3rGs5aqVTyer2+ocdoNE7o0ks/\n9pwt5naFwoiOHXuPxsY2beh3DbK4PQ+Fwgh7HgD01aC815jZQXcvrddvaE8Iq9Xmuwaz1NyCrtXm\nU6oof9b2PLT/Hdf2PMzMzGZUGYBBMozvNUMbzgsLx3vst5xwJfnUaJxQtTrXtU+1OqelpZMpVQRg\nEA3re83QhnOxuKXHfqMJV5JP7HkAkIZhfa8Z2nAulydVKIx07VMojKhcnkyponxhzwOANAzre83Q\nhvP4+GZVKlNd+1QqU5wM1gF7HgCkYVjfa4Y2nKXmMKm9e288Ywu6UBjR3r035uoMwLTlYc9Do3FC\nd955SHv3zurOOw+p0TiRWS0Azk0e3muSMNTjnKVmQL/73a+Mxs4tq1gcVbk8yRbzOtb2PMSNE1+T\n5Z4HJpcBBkPo7zVJGfpwlqSxsU2ant6adRm5sxZyoY09ZHIZYLCE+l6TpKGdhAT9s7R0Mpg9D0wu\nAwyukN5rzlWvk5AktuVsZh+Q9J8lLUZN/9Xd98f0u0XSxyWdJ+mz7v7hpGpCMkLa83A2wy56rXmY\npgwEQhbSe03Skt6t/dfu/t86LTSz8yT9raTXSToq6SEzu9fdB2vAGlLT72EXHLsGkIWsz9a+VtIR\nd3/c3X8t6UuStmdcE3Ksn8MuhnHKQABhSDqc32Vm3zezu8zswpjll0p6suX+0ajtDGa208zqZlZf\nXFyM6wL0bdjFsE4ZCCAMGwpnM/uWmR2O+dou6dOSflfSyyQtSPpo3EPEtMWeoebu+9y95O6liYmJ\njZSNAdavyWWGdcpAAGHY0DFnd7+pl35m9hlJX49ZdFTS5S33L5N0bCM1Af0YdjGsUwYCCEOSZ2sX\n3X0huvtmSYdjuj0k6Sozu1LSzyTtkPQfkqoJw2Ojk8sM65SBAMKQ2DhnM/uCmru0XdITkv7c3RfM\n7EVqDpnaFvXbJum/qzmU6i53n1nvsRnnjKQxXhpAEjIf5+zuf9yh/ZikbS3390s6Y/wzkKVhnTIQ\nQBiYvhPoYBinDAQQBqbvBNYxCFMGAghD5ru1gUExTFMGAghD1jOEAQCANoQzAACBIZwBAAgM4QwA\nQGAIZwAAAkM4AwAQGMIZAIDAEM4AAASGcAYAIDCEMwAAgSGcAQAIDOEMAEBgCGcAAAJDOAMAEBjC\nGQCAwBDOAAAEhnAGACAwhDMAAIEhnAEACAzhDABAYAhnAAACc34SD2pmX5Z0dXT3eZJ+6e4vi+n3\nhKRlSb+RdMrdS0nUAwCDrNE4oVptXgsLx1UsblG5PKnx8c1Zl4UNSCSc3f2ta7fN7KOSGl263+ju\nzyRRBwAMupmZWVWrc1pZWT3dtmvXAVUqU9q9+/oMK8NGJBLOa8zMJP2RpNck+XsAYBjNzMxqz54H\nz2hfWVk93U5A51PSx5x/X9JT7v5oh+Uu6X4zO2hmO7s9kJntNLO6mdUXFxf7XigA5EmjcULV6lzX\nPtXqnJaWTqZUEfrpnMPZzL5lZodjvra3dHubpLu7PMx17v5ySW+Q9E4z6/gRz933uXvJ3UsTExPn\nWjYADIRabf45u7LjrKysqlabT6ki9NM579Z295u6LTez8yW9RdIrujzGsej702Z2j6RrJc2ea00A\nMCwWFo732G854UqQhCR3a98k6cfufjRuoZkVzGx07bakmyUdTrAeABgYxeKWHvuNJlwJkpBkOO9Q\n2y5tM3uRme2P7r5Q0pyZPSLpe5K+4e4HEqwHAAZGuTypQmGka59CYUTl8mRKFaGfEjtb293/NKbt\nmKRt0e3HJV2T1O8HgEE2Pr5ZlcpU7NnaayqVKY2NbUqxKvRLokOpAADJWRsm1T7OuVAYYZxzzpm7\nZ13DWSuVSl6v17MuAwCCsLR0MpohbFnF4qjK5Um2mANlZgd7mQ2TLWcAyLmxsU2ant6adRnoIy58\nAQBAYAhnAAACQzgDABAYwhkAgMAQzgAABIZwBgAgMIQzAACBIZwBAAgM4QwAQGCYIQzooNE4EU2J\neFzF4haVy5MaH9+cdVkAhgDhDMSYmZk942ICu3Yd4GICAFJBOANtZmZmYy/Dt7KyerqdgAaQJI45\nAy0ajROqVue69qlW57S0dDKligAMI8IZaFGrzT9nV3aclZVV1WrzKVUEYBgRzkCLhYXjPfZbTrgS\nAMOMcAZaFItbeuw3mnAlAIYZ4Qy0KJcnVSiMdO1TKIyoXJ5MqSIAw4hwBlqMj29WpTLVtU+lMqWx\nsU0pVQRgGDGUCmizNkyqfZxzoTDCOGcAqTB3z7qGs1Yqlbxer2ddBgbc0tLJaIawZRWLoyqXJ9li\nBrAhZnbQ3Uvr9WPLGehgbGyTpqe3Zl0GgCG0oWPOZvaHZvZDM/sXMyu1LauY2REz+4mZvb7Dz19p\nZt81s0fN7MtmdsFG6gEAYBBs9ISww5LeImm2tdHMJiXtkPRSSbdI+pSZnRfz8x+R9NfufpWkX0h6\n+wbrAQAg9zYUzu7+I3f/Scyi7ZK+5O4n3f2fJR2RdG1rBzMzSa+RVIuaPifpDzZSDwAAgyCpoVSX\nSnqy5f7RqK3V8yX90t1PdelzmpntNLO6mdUXFxf7WiwAACFZ94QwM/uWpEtiFu129691+rGYtvbT\nwnvp89sF7vsk7ZOaZ2t36gcAQN6tG87uftM5PO5RSZe33L9M0rG2Ps9Iep6ZnR9tPcf1AQBg6CS1\nW/teSTvMbJOZXSnpKknfa+3gzQHWD0oqR023Suq0JQ4AwNDY0CQkZvZmSZ+QNCHpl5IedvfXR8t2\nS5qWdErS7e5+X9S+X9J/cvdjZvYSSV+SdJGk/yPpP7r7uhfKNbNFST9ta75Yza3xvMp7/VL+n0Pe\n65fy/xzyXr/EcwhByPW/2N0n1uuUyxnC4phZvZdZV0KV9/ql/D+HvNcv5f855L1+iecQgrzXL3Hh\nCwAAgkM4AwAQmEEK531ZF7BBea9fyv9zyHv9Uv6fQ97rl3gOIch7/YNzzBkAgEExSFvOAAAMBMIZ\nAIDA5CacB+3ylFEND0dfT5jZwx36PWFmP4j61dOusxsz+4CZ/azleWzr0O+WaN0cMbP3pV1nJ2b2\nV2b2YzP7vpndY2bP69AvuHWw3t80mgDoy9Hy75rZFelXGc/MLjezB83sR9H/9K6YPjeYWaPltfX+\nLGrtZr3XhTX9TbQOvm9mL8+izjhmdnXL3/ZhM1sys9vb+gS3DszsLjN72swOt7RdZGYPRO/tD5jZ\nhR1+9taoz6Nmdmt6VZ8jd8/Fl6R/LelqSf8gqdTSPinpEUmbJF0p6TFJ58X8/P+UtCO6fYekv8j6\nObXU9lFJ7++w7AlJF2ddY4faPiDpv6zT57xonbxE0gXRuprMuvaotpslnR/d/oikj+RhHfTyN5X0\nDkl3RLd3SPpy1nW31FaU9PLo9qikf4qp/wZJX8+61nWeR9fXhaRtku5T8zoCr5L03axr7vJ6+r9q\nTo4R9DqQdL2kl0s63NL2l5LeF91+X9z/sZoTXT0efb8wun1h1s+n21dutpx9QC9PGdX2R5LuzrqW\nhFwr6Yi7P+7uv1ZzRrjtGdckSXL3+/23V0X7jprzu+dBL3/T7Wq+zqXm6/610Wstc+6+4O6HotvL\nkn6kLleky7Htkj7vTd9R81oCxayLivFaSY+5e/usi8Fx91lJz7Y1t77WO723v17SA+7+rLv/QtID\nkm5JrNA+yE04d9H3y1Om7PclPeXuj3ZY7pLuN7ODZrYzxbp69a5ol91dHXYn9bJ+QjCt5lZOnNDW\nQS9/09N9otd9Q83/g6BEu9u3SvpuzOJXm9kjZnafmb001cJ6s97rIi+v/R3qvHEQ+jqQpBe6+4LU\n/OAn6QUxffKyLk5b96pUabJALk/ZLz0+n7ep+1bzdd6ch/wFkh4wsx9Hnx5T0e05SPq0pA+p+bf8\nkJq756fbHyLmZ1Mbv9fLOrDmPPCnJH2xw8Nkug5iBPuaPxtmtkXS36s59/5S2+JDau5mPR6dy/BV\nNS+gE5L1Xhd5WAcXSHqTpErM4jysg14Fvy7aBRXOPmCXp1zv+ZjZ+ZLeIukVXR7jWPT9aTO7R81d\nmqkFQ6/rxMw+I+nrMYt6WT+J6WEd3CrpjZJe69HBqZjHyHQdxOjlb7rW52j0OhvXmbsDM2NmI2oG\n8xfd/Svty1vD2t33m9mnzOxidw/mYgY9vC4yfe336A2SDrn7U+0L8rAOIk+ZWdHdF6LDBk/H9Dmq\n5jH0NZepef5SsAZht3aeL095k6Qfu/vRuIVmVjCz0bXbap7AdDiubxbajp+9WfG1PSTpKmueLX+B\nmrvQ7k2jvvWY2S2S3ivpTe7+qw59QlwHvfxN71XzdS41X/ff7vThI23Rse87Jf3I3T/Woc8la8fI\nzexaNd+rfp5eld31+Lq4V9KfRGdtv0pSY233a0A67rkLfR20aH2td3pv/6akm83swujw281RW7iy\nPiOt1y813/yPSjop6SlJ32xZtlvNs1d/IukNLe37Jb0ouv0SNUP7iKS/k7QpgOf0PyTd1tb2Ikn7\nW2p+JPr6oZq7YjNfFy21fkHSDyR9X81/kGL7c4jub1PzjNzHQnoO0WvhSUkPR19rZzcHvw7i/qaS\nPqjmBw1J2hy9zo9Er/uXZF1zS+1Tau5S/H7L336bpNvW/h8kvSv6ez+i5sl6/y7rutueQ+zrou05\nmKS/jdbRD9QyyiSEL0m/o2bYjre0Bb0O1PwgsSBpNcqDt6t5LsX/kvRo9P2iqG9J0mdbfnY6+n84\nIunPsn4u630xfScAAIEZhN3aAAAMFMIZAIDAEM4AAASGcAYAIDCEMwAAgSGcAQAIDOEMAEBg/j86\nJjbQs2CFRgAAAABJRU5ErkJggg==\n",
      "text/plain": [
       "<matplotlib.figure.Figure at 0x263493d0ef0>"
      ]
     },
     "metadata": {},
     "output_type": "display_data"
    }
   ],
   "source": [
    "fig = plt.figure(1)\n",
    "ax = plt.axes([0., 0., 1., 1.])\n",
    "\n",
    "s = 100\n",
    "plt.scatter(X_true[:, 0], X_true[:, 1], color='navy', s=s, lw=0,\n",
    "            label='True Position')\n",
    "\n",
    "plt.show()"
   ]
  },
  {
   "cell_type": "code",
   "execution_count": 6,
   "metadata": {},
   "outputs": [
    {
     "data": {
